0.527563 0.000000
0.526026 1.000000
0.526123 0.000000
0.525494 1.000000
0.526406 1.000000
0.527614 0.000000
0.528616 0.000000
0.527340 0.000000
0.528236 1.000000
0.525782 1.000000
0.527523 0.000000
0.527279 1.000000
0.526176 0.000000
0.525424 1.000000
0.527175 1.000000
0.527309 0.000000
0.526936 1.000000
0.527446 0.000000
0.527660 1.000000
0.527797 0.000000
0.527563 1.000000
0.527415 0.000000
0.525721 1.000000
0.525916 0.000000
0.525745 0.000000
0.527272 0.000000
0.525811 1.000000
0.526462 0.000000
0.527897 1.000000
0.526323 1.000000
0.525162 0.000000
0.525563 1.000000
0.526191 1.000000
0.526868 0.000000
0.525424 1.000000
0.526765 1.000000
0.527174 1.000000
0.526988 0.000000
0.527361 1.000000
0.526890 1.000000
0.527501 1.000000
0.526533 1.000000
0.526274 1.000000
0.526887 1.000000
0.525969 0.000000
0.526475 1.000000
0.526123 0.000000
0.526987 0.000000
0.527184 1.000000
0.525721 0.000000
0.527367 0.000000
0.527284 1.000000
0.528441 0.000000
0.526782 1.000000
0.525553 1.000000
0.527637 0.000000
0.527753 1.000000
0.526869 1.000000
0.524858 1.000000
0.527762 0.000000
0.526601 1.000000
0.527237 0.000000
0.528212 0.000000
0.526233 0.000000
0.525493 1.000000
0.529147 0.000000
0.526077 0.000000
0.526898 1.000000
0.527291 1.000000
0.525123 1.000000
0.526470 1.000000
0.526779 0.000000
0.527464 1.000000
0.526480 1.000000
0.529702 0.000000
0.526903 0.000000
0.526313 1.000000
0.525251 1.000000
0.528849 1.000000
0.524710 1.000000
0.526909 0.000000
0.526021 1.000000
0.526472 0.000000
0.526255 1.000000
0.527607 1.000000
0.527271 1.000000
0.526285 0.000000
0.527909 0.000000
0.526953 0.000000
0.527566 0.000000
0.527914 0.000000
0.526457 0.000000
0.527508 1.000000
0.527309 0.000000
0.526507 0.000000
0.526924 0.000000
0.526098 1.000000
0.523917 0.000000
0.525725 0.000000
0.525169 0.000000
0.526836 0.000000
0.526380 1.000000
0.528836 1.000000
0.526486 1.000000
0.526373 0.000000
0.527298 1.000000
0.523920 0.000000
0.528067 0.000000
0.525625 1.000000
0.526393 1.000000
0.524682 0.000000
0.527188 1.000000
0.527683 1.000000
0.527300 0.000000
0.527647 1.000000
0.526752 0.000000
0.526901 0.000000
0.527932 0.000000
0.527594 0.000000
0.527242 1.000000
0.527004 1.000000
0.525297 0.000000
0.527520 1.000000
0.526510 0.000000
0.526707 1.000000
0.525805 1.000000
0.526402 1.000000
0.528301 0.000000
0.526137 0.000000
0.527935 0.000000
0.525690 0.000000
0.526305 1.000000
0.525574 0.000000
0.527008 1.000000
0.526220 1.000000
0.528210 0.000000
0.528296 0.000000
0.526361 0.000000
0.529702 1.000000
0.527701 0.000000
0.526433 1.000000
0.526480 0.000000
0.526903 1.000000
0.527785 0.000000
0.527323 1.000000
0.527392 1.000000
0.525728 1.000000
0.525700 1.000000
0.526997 0.000000
0.525483 0.000000
0.530187 0.000000
0.525134 0.000000
0.527563 1.000000
0.526450 0.000000
0.527339 0.000000
0.527745 0.000000
0.524781 1.000000
0.526925 0.000000
0.526462 0.000000
0.527989 0.000000
0.526190 0.000000
0.526506 0.000000
0.525958 0.000000
0.525622 0.000000
0.525788 0.000000
0.526544 1.000000
0.525191 1.000000
0.526477 0.000000
0.527244 1.000000
0.526835 1.000000
0.527329 0.000000
0.525427 1.000000
0.525391 1.000000
0.525912 1.000000
0.526216 0.000000
0.526646 0.000000
0.527548 0.000000
0.527036 0.000000
0.526802 1.000000
0.526787 1.000000
0.525872 1.000000
0.525495 1.000000
0.525245 1.000000
0.527162 1.000000
0.527260 1.000000
0.526868 1.000000
0.526243 1.000000
0.525364 1.000000
0.525430 1.000000
0.526769 0.000000
0.526153 1.000000
0.526210 1.000000
0.527403 0.000000
0.526397 1.000000
0.525585 1.000000
0.526301 0.000000
0.526928 1.000000
0.527053 0.000000
0.526901 0.000000
0.526783 1.000000
0.524615 1.000000
0.527069 1.000000
0.524867 0.000000
0.527200 0.000000
0.527722 0.000000
0.526547 1.000000
0.525416 1.000000
0.527028 1.000000
0.525531 1.000000
0.525776 1.000000
0.526533 0.000000
0.527277 1.000000
0.526401 0.000000
0.528728 0.000000
0.526867 0.000000
0.526657 1.000000
0.526398 1.000000
0.528385 1.000000
0.526966 0.000000
0.526831 0.000000
0.526984 0.000000
0.526657 0.000000
0.525720 0.000000
0.528499 0.000000
0.525629 0.000000
0.525748 1.000000
0.526786 0.000000
0.528156 1.000000
0.526715 1.000000
0.527350 0.000000
0.527322 0.000000
0.526971 0.000000
0.525311 1.000000
0.526219 0.000000
0.525352 0.000000
0.525348 0.000000
0.526672 1.000000
0.525554 1.000000
0.527620 0.000000
0.527943 0.000000
0.525512 1.000000
0.526694 0.000000
0.526894 0.000000
0.526502 0.000000
0.526023 0.000000
0.526708 0.000000
0.525587 1.000000
0.527385 1.000000
0.525414 0.000000
0.527713 1.000000
0.526936 1.000000
0.525616 0.000000
0.526274 0.000000
0.526153 1.000000
0.527411 0.000000
0.525863 0.000000
0.525794 0.000000
0.525185 0.000000
0.527308 1.000000
0.526136 1.000000
0.527440 1.000000
0.525937 1.000000
0.526879 0.000000
0.526906 1.000000
0.525791 0.000000
0.524978 1.000000
0.527231 1.000000
0.526681 1.000000
0.525107 1.000000
0.527152 0.000000
0.527082 1.000000
0.526421 0.000000
0.526116 0.000000
0.525934 0.000000
0.527218 1.000000
0.527276 0.000000
0.525762 0.000000
0.528057 1.000000
0.530187 1.000000
0.527224 1.000000
0.524860 0.000000
0.526608 1.000000
0.526586 0.000000
0.526374 0.000000
0.527367 1.000000
0.525959 0.000000
0.525941 1.000000
0.527050 1.000000
0.526398 0.000000
0.527427 1.000000
0.525100 1.000000
0.525761 0.000000
0.527816 1.000000
0.528068 0.000000
0.527251 0.000000
0.526709 0.000000
0.525389 0.000000
0.526684 1.000000
0.527183 0.000000
0.527637 1.000000
0.527274 0.000000
0.526688 1.000000
0.525311 0.000000
0.526833 1.000000
0.526355 1.000000
0.525495 0.000000
0.527023 0.000000
0.525972 1.000000
0.526235 0.000000
0.527040 1.000000
0.526177 0.000000
0.526341 1.000000
0.526160 1.000000
0.526433 1.000000
0.526541 1.000000
0.526714 0.000000
0.524982 0.000000
0.528027 1.000000
0.526267 1.000000
0.525694 1.000000
0.527201 1.000000
0.525868 0.000000
0.526522 1.000000
0.526121 0.000000
0.526278 0.000000
0.526509 0.000000
0.526462 0.000000
0.527024 1.000000
0.527813 0.000000
0.527989 1.000000
0.527619 1.000000
0.525246 1.000000
0.527064 1.000000
0.526585 0.000000
0.526660 1.000000
0.527139 1.000000
0.526585 0.000000
0.527008 0.000000
0.526343 1.000000
0.526690 1.000000
0.527834 1.000000
0.526578 1.000000
0.527241 0.000000
0.525415 1.000000
0.527430 0.000000
0.526823 1.000000
0.526891 1.000000
0.525730 0.000000
0.525757 1.000000
0.528179 0.000000
0.526096 0.000000
0.525769 0.000000
0.527762 1.000000
0.526571 0.000000
0.526315 0.000000
0.527478 0.000000
0.525897 1.000000
0.528873 1.000000
0.527021 1.000000
0.525386 0.000000
0.526107 0.000000
0.525727 0.000000
0.527559 0.000000
0.526758 1.000000
0.526000 1.000000
0.527627 1.000000
0.525968 0.000000
0.525567 0.000000
0.526669 0.000000
0.527562 1.000000
0.524226 1.000000
0.527353 0.000000
0.526202 0.000000
0.525880 0.000000
0.526689 0.000000
0.526542 1.000000
0.525753 1.000000
0.527099 1.000000
0.524396 0.000000
0.526790 1.000000
0.525598 1.000000
0.525706 0.000000
0.527959 0.000000
0.527057 1.000000
0.526424 0.000000
0.527490 1.000000
0.528214 0.000000
0.527274 0.000000
0.527681 0.000000
0.526204 1.000000
0.526145 0.000000
0.525492 0.000000
0.526681 1.000000
0.527292 0.000000
0.525978 1.000000
0.526622 0.000000
0.526039 1.000000
0.527247 0.000000
0.525528 1.000000
0.528296 1.000000
0.526685 0.000000
0.524726 0.000000
0.527544 0.000000
0.526278 1.000000
0.525991 0.000000
0.526151 0.000000
0.527660 1.000000
0.525698 0.000000
0.527041 0.000000
0.526765 0.000000
0.525978 0.000000
0.526769 1.000000
0.526271 0.000000
0.526961 1.000000
0.526063 1.000000
0.525862 0.000000
0.526258 0.000000
0.526709 1.000000
0.527333 0.000000
0.526824 1.000000
0.526690 0.000000
0.526758 1.000000
0.528294 1.000000
0.524653 0.000000
0.526559 1.000000
0.526064 1.000000
0.527515 1.000000
0.527128 1.000000
0.525927 0.000000
0.526011 0.000000
0.526801 1.000000
0.526500 1.000000
0.525844 0.000000
0.525603 1.000000
0.528030 1.000000
0.527403 1.000000
0.525400 1.000000
0.527271 0.000000
0.526151 1.000000
0.526367 0.000000
0.526510 1.000000
0.527842 1.000000
0.527766 0.000000
0.526291 1.000000
0.527150 1.000000
0.527678 0.000000
0.527533 1.000000
0.526462 1.000000
0.525962 1.000000
0.527240 1.000000
0.526833 1.000000
0.527132 0.000000
0.526560 0.000000
0.526690 0.000000
0.527135 1.000000
0.527196 1.000000
0.526533 1.000000
0.527117 1.000000
0.527440 1.000000
0.525723 1.000000
0.526492 1.000000
0.526947 0.000000
0.526771 0.000000
0.526090 1.000000
0.528332 1.000000
0.527986 0.000000
0.526376 1.000000
0.527549 1.000000
0.526319 0.000000
0.527779 0.000000
0.526380 0.000000
0.526465 1.000000
0.526899 0.000000
0.527244 1.000000
0.527008 1.000000
0.525230 1.000000
0.526799 0.000000
0.526719 1.000000
0.528126 0.000000
0.527172 1.000000
0.528210 1.000000
0.525090 0.000000
0.528051 0.000000
0.527415 0.000000
0.525295 1.000000
0.527522 0.000000
0.527017 1.000000
0.527272 1.000000
0.526024 1.000000
0.524410 1.000000
0.527218 0.000000
0.526897 1.000000
0.526574 1.000000
0.527341 1.000000
0.528758 0.000000
0.527975 1.000000
0.525895 0.000000
0.526670 1.000000
0.526825 0.000000
0.525919 1.000000
0.526763 0.000000
0.526341 1.000000
0.525526 0.000000
0.528178 0.000000
0.526868 1.000000
0.526469 0.000000
0.526546 1.000000
0.526083 1.000000
0.525215 0.000000
0.527088 1.000000
0.526541 0.000000
0.525460 1.000000
0.527409 0.000000
0.526247 0.000000
0.526006 1.000000
0.526064 1.000000
0.527075 1.000000
0.526469 1.000000
0.525066 0.000000
0.527949 0.000000
0.527197 0.000000
0.526285 0.000000
0.525034 1.000000
0.526130 0.000000
0.525570 0.000000
0.527050 1.000000
0.527578 0.000000
0.527870 0.000000
0.526635 0.000000
0.526887 0.000000
0.526373 1.000000
0.526222 0.000000
0.526101 1.000000
0.526377 1.000000
0.526307 1.000000
0.525965 0.000000
0.527138 0.000000
0.528002 0.000000
0.529748 0.000000
0.525893 1.000000
0.526387 0.000000
0.528009 1.000000
0.526560 0.000000
0.527206 1.000000
0.525814 1.000000
0.528146 1.000000
0.527259 0.000000
0.525973 1.000000
0.526935 1.000000
0.524763 1.000000
0.525961 1.000000
0.527105 1.000000
0.527345 1.000000
0.529337 1.000000
0.526574 1.000000
0.525719 1.000000
0.526684 0.000000
0.526195 0.000000
0.527003 1.000000
0.525938 1.000000
0.525373 1.000000
0.527747 1.000000
0.526275 0.000000
0.527251 1.000000
0.526917 0.000000
0.527004 1.000000
0.527816 1.000000
0.526682 1.000000
0.526887 1.000000
0.526103 0.000000
0.526534 1.000000
0.527041 1.000000
0.526591 0.000000
0.526080 0.000000
0.525706 0.000000
0.527348 1.000000
0.528441 1.000000
0.527012 1.000000
0.527015 1.000000
0.526371 0.000000
0.526844 0.000000
0.527345 0.000000
0.528267 0.000000
0.526427 1.000000
0.526518 0.000000
0.527563 0.000000
0.527842 1.000000
0.526618 0.000000
0.527152 1.000000
0.527154 1.000000
0.527140 0.000000
0.527413 0.000000
0.525162 1.000000
0.526782 1.000000
0.526884 1.000000
0.526287 1.000000
0.526122 0.000000
0.527434 0.000000
0.527385 1.000000
0.526415 0.000000
